91.77
95.665
85.111
91.176
80.952
85.185
84.444
84.746
87.681
83.128
87.255
90.625
85.93
97.436
97.312
93.333
84.932
88.95
89.764
83.878
87.621
87.589
94.167
84.615
86.555
79.73
84.397
88.75
90.27
92.694
93.976
98.333
91.111
78.968
80.272
85.232
90
91.626
91.156
83.913
78.065
85.298
93.103
87.952
75.946
82.158
84.695
86.667
88.889
89.583
91.358
95.89
96.337
96.503
96.963
85.163
85.749
86.01
89.583
95.833
89.844
81.726
87.745
83.473
97.368
75.176
85.792
88.71
92.748
84.136
89.922
88.453
93.496
88.728
92.754
93.913
96.97
78.988
82.84
73.198
73.869
78.989
80.038
80.245
80.294
81.569
81.744
83.069
84.109
85.459
86.561
86.75
88.254
88.811
89.223
90.591
82.273
83.575
83.839
85.363
74.839
75.585
88.015
93.346
91.489
78.689
84.74
83.735
84.234
88.034
89.855
77.682
88.542
85.417
88.435
82.637
88.839
89.899
83.864
81.136
81.188
86.81
88.485
83.799
89.558
98.039
88.978
86.869
85.294
89.899
79.237
86.402
87.097
84.091
83.092
89.855
86.873
89.189
83.462
84.762
85.034
85.079
85.111
85.375
86.607
86.695
86.859
87.056
87.319
88.856
89.057
89.124
89.209
89.329
90.504
91.616
92.369
93.197
93.607
94.186
94.22
95.098
95.556
95.853
96.552
89.668
91.667
91.212
87.413
80.653
84.177
80.779
84.174
83.036
83.801
84.021
84.086
84.88
85.208
86.402
86.819
87.28
87.316
87.679
88.115
88.562
88.648
89.011
89.229
89.711
90.021
90.074
91.119
91.556
92.409
92.46
92.629
93.929
95.771
93.182
82.268
89.091
86.294
91.453
94.961
83.345
87.764
93.011
86.364
81.818
82.595
82.697
83.731
85.517
85.53
85.778
86.562
87.374
88.418
88.542
88.608
88.683
88.945
89.322
89.394
89.75
90.575
92.228
92.982
95.146
83.265
83.962
91.014
79.894
93.452
83.838
83.673
82.545
84.639
85
85.145
85.502
86.316
87.151
87.732
87.952
88.093
88.545
88.667
89.222
89.726
89.744
90.009
90.084
90.404
90.493
91.205
91.379
91.565
91.606
97.059
81.773
83.198
85.542
85.811
86.466
89.697
90.421
90.909
91.111
95.714
84.419
85.502
87.688
84.951
85.106
85.956
89.64
90.343
73.611
89.058
87.151
81.072
81.567
83.544
91.667
82.479
83.671
85.223
85.897
86.082
87.065
87.143
88.304
88.701
89.421
89.599
89.798
90.042
90.065
90.268
90.805
91.092
91.28
91.311
91.429
91.624
91.798
91.908
89.968
92.835
80.201
81.613
88.11
88.614
89.03
90.307
91.554
91.903
92.222
92.225
92.741
92.848
93.056
93.727
90.681
85.784
79.438
81.386
89.567
90.566
95.472
83.951
90.702
93.878
91.754
80.397
90.389
84.294
85.374
88.981
79.741
83.621
93.171
84.038
80.287
82.051
83.158
83.183
83.43
84.397
85.443
86.785
86.94
87.073
87.879
88.627
88.664
89.226
89.434
89.908
89.934
90.079
90.104
90.264
90.268
90.326
90.595
90.644
90.707
90.826
91.038
92.094
92.726
92.745
93.461
94.091
86.59
87.95
88
88.145
88.155
88.379
88.537
88.847
89.209
89.794
90.291
90.423
90.944
91.145
91.165
91.465
92.235
92.704
93.532
85.53
85.621
86.389
83.987
87.255
88.71
93.22
85.417
84.716
81.863
89.778
92.029
88.618
88.889
89.655
91.099
91.111
80.717
84.694
87.269
87.943
90.476
83.413
84.333
87.162
87.912
88.856
90
90.244
90.262
90.394
91.388
91.901
93.333
90.842
91.003
82.143
84.624
84.848
88.316
95.833
88.017
88.941
91.057
84.635
88.636
92.739
85.23
85.849
86.375
91.257
94.928
85.209
86.193
86.61
87.158
88.121
90.29
80.961
84.515
84.825
86.842
88.514
88.611
89.799
89.931
90.094
90.222
90.603
91.015
91.195
91.935
93.613
86.31
86.04
86.818
88.333
88.588
89.365
90.141
90.667
91.09
85.174
86.075
86.768
88.151
88.917
89.033
89.336
90.837
90.948
88.978
92.971
86.426
88.776
89.294
89.638
90.199
90.637
90.667
91.524
92.725
93.853
84.133
83.085
83.18
91.811
86.957
91.667
83.936
89.457
87.719
85.388
88.969
86.667
86.188
90.332
91.989
92.296
82.524
89.669
88.623
85.213
86.52
85.111
85.138
89.003
89.394
90.107
91.481
91.549
91.667
92.783
93.023
88.889
86.508
88.421
80.962
85.922
86.108
86.41
86.667
87.668
88.086
88.235
88.669
88.889
90.229
90.606
90.65
91.371
91.456
93.049
90.217
86.909
91.062
97.5
88.418
87.719
80.135
82.192
78.395
78.544
79.101
79.808
81.07
81.292
81.882
82.126
82.216
82.759
82.993
83.03
83.298
83.486
83.835
83.902
84.034
84.397
84.483
84.528
84.565
84.615
84.656
84.813
84.874
85.241
85.294
85.499
85.714
85.746
85.799
85.862
85.965
85.997
86.306
86.325
86.364
86.652
86.712
86.962
87.179
87.395
87.5
87.571
87.619
87.984
88.116
88.192
88.235
88.313
88.35
88.52
88.528
88.647
89.067
89.17
89.185
89.46
89.524
89.564
89.605
89.612
89.796
89.84
89.89
89.957
89.985
90.083
90.084
90.175
90.399
90.438
90.469
90.476
90.831
90.854
91.002
91.009
91.228
91.409
91.544
91.582
91.667
91.667
91.68
91.692
91.77
91.86
91.919
91.946
91.987
92.014
92.276
92.281
92.281
92.411
92.606
92.625
92.745
93.503
95.614
96.296
85.185
88.06
81.57
76.584
92.063
81.226
91.524
88.739
88.642
82.631
84.375
87.604
88.296
90.753
83.498
84.058
79.224
88.58
93.114
79.042
92.113
73.609
73.842
77.253
80.076
81.513
83.333
78.563
81.891
78.51
80.398
83.673
74.112
75.65
75.848
76.255
77.704
77.934
78.19
78.627
78.816
78.989
79.481
79.492
79.493
79.528
79.59
79.6
79.736
79.762
79.785
79.884
80.022
80.145
80.218
80.465
80.466
80.623
80.671
80.676
80.683
80.685
80.78
80.899
80.916
80.947
81.053
81.149
81.168
81.178
81.205
81.287
81.395
81.397
81.398
81.477
81.547
81.586
81.671
81.842
81.978
82.06
82.17
82.228
82.234
82.454
82.586
82.667
82.684
82.716
82.72
82.773
82.802
82.857
82.885
82.932
82.953
82.967
83.012
83.058
83.226
83.248
83.27
83.28
83.333
83.395
83.456
83.486
83.619
83.636
83.648
83.676
83.724
83.893
83.964
83.969
83.98
84.012
84.03
84.03
84.167
84.257
84.306
84.314
84.435
84.444
84.479
84.486
84.577
84.577
84.59
84.6
84.8
84.808
84.861
84.907
85
85.049
85.054
85.063
85.075
85.123
85.152
85.152
85.191
85.248
85.266
85.274
85.369
85.404
85.417
85.495
85.661
85.714
85.806
85.89
85.906
85.985
86.056
86.214
86.26
86.269
86.286
86.354
86.491
86.506
86.632
86.747
86.837
86.987
87.059
87.187
87.406
87.53
87.566
87.583
87.665
87.719
87.764
87.772
87.852
87.946
88.099
88.125
88.191
88.194
88.313
88.398
88.694
88.698
91.787
92.593
92.685
93.042
85.455
85.714
74.71
75.66
75.737
76.654
76.715
76.767
77.081
77.474
77.778
77.797
78.227
79.111
79.16
79.221
79.264
79.624
79.778
79.917
80.014
80.183
80.344
80.499
80.878
80.915
81.022
81.103
81.145
81.25
81.261
81.356
81.402
81.586
81.608
81.635
81.86
81.895
81.925
82.111
82.253
82.272
82.616
82.797
82.934
82.974
82.993
82.999
83.008
83.009
83.011
83.123
83.162
83.174
83.188
83.229
83.237
83.398
83.4
83.407
83.427
83.434
83.487
83.516
83.527
83.607
83.607
83.687
83.705
83.746
83.77
83.804
83.821
83.867
83.92
84.009
84.027
84.303
84.468
84.515
84.524
84.529
84.546
84.605
84.62
84.674
84.679
84.821
84.886
84.918
84.924
84.948
84.966
84.983
85.014
85.047
85.056
85.071
85.12
85.175
85.283
85.621
85.734
85.778
85.779
85.836
85.89
85.893
85.957
86.191
86.348
86.571
86.667
86.68
86.799
86.837
86.933
87.042
87.086
87.087
87.109
87.157
87.241
87.258
87.873
88.251
88.915
90.075
90.385
90.508
90.837
86.409
94.315
86.74
87.45
88.27
88.418
89.13
89.474
90.686
90.73
91.323
70.013
74.496
87.138
85.662
90.355
90.39
91.492
88.545
76.129
76.843
77.424
77.565
77.603
78.46
78.788
78.941
78.954
78.971
79.115
79.195
79.254
79.565
79.817
79.915
79.965
80
80.029
80.036
80.212
80.288
80.553
80.556
80.717
80.753
80.848
81.162
81.217
81.343
81.383
81.402
81.458
81.62
81.624
81.629
81.828
81.994
82.026
82.084
82.128
82.169
82.18
82.275
82.384
82.409
82.456
82.591
82.609
82.658
82.825
82.828
82.869
82.949
82.969
82.984
82.991
83.02
83.105
83.143
83.184
83.259
83.365
83.382
83.433
83.501
83.553
83.562
83.631
83.669
83.698
83.702
83.724
83.777
83.868
84.089
84.139
84.163
84.177
84.188
84.211
84.247
84.277
84.307
84.337
84.363
84.423
84.428
84.495
84.649
84.753
85.031
85.045
85.049
85.099
85.201
85.261
85.294
85.312
85.321
85.324
85.333
85.351
85.356
85.397
85.482
85.552
85.769
85.803
85.841
85.866
85.974
85.981
86.109
86.111
86.231
86.283
86.327
86.438
86.441
86.478
86.633
86.667
86.891
86.927
87.117
87.261
87.298
87.473
87.5
87.548
87.649
87.842
87.898
87.949
88.013
88.275
88.319
88.725
88.743
88.865
89.195
89.433
89.55
89.775
89.803
90.734
90.948
90.959